23315
5916
31148
22615
21692
19522
7714
26726
8029
13464
16822
17942
9596
17163
23815
10061
27471
24104
17491
24728
30487
9863
3397
24998
4993
6592
25915
23607
27233
24492
20564
29353
3003
32732
6938
4171
24846
4975
13416
18137
31803
9441
19849
12704
7605
1777
748
2546
9881
11070
18624
24901
10448
6519
9345
27292
21285
28537
11464
17133
32374
19802
2263
2366
26737
4742
16038
14043
3516
31369
25413
32554
15258
13553
26339
27422
7965
29148
16990
21637
13829
10596
8628
30919
28495
30911
4162
5847
12947
10138
16511
12112
20555
7386
1577
9126
6690
26579
2712
10622
18628
3362
30133
26439
13276
21245
11786
28737
31528
11596
