4960
17125
29459
3553
40
26443
5884
9512
15242
13463
17974
14336
16814
22180
21266
26201
4293
20134
6343
28828
13460
4300
28339
22234
11421
7591
26990
22293
31662
12109
17667
28477
15144
28095
29862
26891
7685
12067
19422
2484
23207
24627
4530
29982
10527
347
23185
1199
7262
694
12042
32050
720
24191
13887
1460
2946
9547
12860
9449
24421
11619
32738
9241
8849
31802
4586
15201
764
17250
7788
29703
15600
23382
18926
29397
22350
8110
6357
26233
24598
29334
11203
20168
2660
19582
5811
25390
5091
23680
11773
6578
14457
25147
22068
17577
23259
9652
30015
8293
